410
89 67
75 97
41 55
7 45
97 67
87 30
42 13
33 32
94 42
44 86
83 61
67 46
15 41
71 41
73 29
49 37
31 21
31 100
57 26
93 15
29 22
36 7
11 77
98 22
59 94
17 14
72 38
8 85
39 30
2 92
88 52
30 18
33 21
2 87
41 24
80 34
38 36
86 22
94 97
53 68
58 52
24 74
28 30
42 86
55 84
17 6
61 60
81 62
4 34
68 7
32 100
3 43
8 90
73 4
10 31
38 57
44 64
47 35
89 89
28 4
72 41
2 86
95 93
82 50
70 86
9 83
59 7
82 9
2 16
29 28
12 1
5 34
9 61
29 80
40 71
78 20
38 94
72 12
51 95
25 93
27 87
70 55
77 5
52 96
20 34
86 15
4 4
22 38
84 32
13 69
3 35
51 13
39 55
42 77
80 77
22 96
43 98
93 39
63 18
67 96
8 16
9 28
49 40
73 41
77 81
13 6
82 75
25 19
42 55
94 84
23 92
29 26
61 3
23 28
53 78
58 94
11 86
28 11
68 40
59 39
69 36
68 76
9 89
55 7
13 16
39 49
80 24
22 43
33 37
32 29
38 16
73 5
56 55
4 84
36 14
26 25
80 8
54 39
34 45
49 71
65 4
89 33
6 65
58 71
84 58
65 58
3 69
13 6
5 88
34 80
26 64
39 86
6 31
11 1
8 49
64 1
81 48
56 38
81 7
39 27
46 4
92 44
55 78
88 32
30 5
8 10
25 39
15 2
49 87
79 80
97 8
2 49
22 56
16 83
79 45
91 58
58 40
87 26
23 48
63 15
44 74
56 94
86 51
44 50
52 49
94 39
93 97
84 94
83 28
77 93
57 12
80 36
1 46
84 56
30 30
14 83
99 55
100 1
49 83
8 37
33 77
28 51
50 33
46 76
41 47
79 42
38 77
60 66
62 26
57 63
21 35
70 57
22 23
66 74
9 57
65 59
16 14
17 66
5 64
41 63
7 83
98 13
95 9
65 7
2 63
73 22
68 50
5 52
14 43
9 37
90 63
25 13
67 58
29 50
25 46
35 56
70 94
38 70
63 87
13 55
56 3
100 85
94 96
12 48
50 31
48 90
70 26
79 86
55 59
65 11
31 98
78 10
58 89
4 18
32 22
35 26
1 4
37 17
51 65
100 18
43 91
9 14
82 78
67 62
63 90
23 99
70 18
32 45
74 64
98 8
82 25
47 37
21 47
18 24
16 17
88 93
53 47
7 65
25 83
44 21
76 7
36 17
12 64
83 78
27 2
58 72
54 17
45 32
3 100
74 29
85 52
83 37
39 7
30 13
45 44
52 68
89 54
69 2
17 5
90 84
32 41
50 51
76 18
9 77
15 82
1 61
49 69
7 75
5 66
94 36
50 35
74 7
4 58
17 11
70 9
32 67
82 35
76 28
35 52
35 42
95 35
63 98
21 37
95 22
32 41
83 29
41 62
82 64
61 41
43 41
47 47
39 27
8 61
34 71
40 46
99 18
52 49
21 95
5 100
99 94
36 100
14 92
6 6
61 33
77 1
41 72
47 97
18 57
83 47
90 53
94 30
93 61
45 5
1 16
96 66
55 31
44 67
97 74
24 15
77 33
44 31
38 22
59 1
29 13
51 40
7 29
54 70
61 88
96 71
64 6
10 15
43 70
21 49
49 2
99 40
47 76
57 71
25 61
30 76
48 45
99 78
49 63
4 71
59 10
73 63
34 88
92 98
31 42
74 76
14 81
93 3
35 39
21 52
28 96
33 6
95 31
88 47
44 32
15 37
96 68
53 20
4 95
74 32
67 72
84 26
5 57
55 94
26 25
15 88
70 88
0
